(kicad_pcb (version 20171130) (host pcbnew 5.1.7-a382d34a8~87~ubuntu20.04.1)

  (general
    (thickness 1.6)
    (drawings 120)
    (tracks 320)
    (zones 0)
    (modules 23)
    (nets 58)
  )

  (page A4)
  (title_block
    (title "XMEGA Adapter Board")
    (date 2020-07-12)
    (rev 1.1.0)
    (comment 1 "Erstellt von: Thorsten Kattanek")
  )

  (layers
    (0 F.Cu signal)
    (31 B.Cu signal)
    (32 B.Adhes user hide)
    (33 F.Adhes user hide)
    (34 B.Paste user hide)
    (35 F.Paste user hide)
    (36 B.SilkS user hide)
    (37 F.SilkS user)
    (38 B.Mask user hide)
    (39 F.Mask user)
    (40 Dwgs.User user hide)
    (41 Cmts.User user hide)
    (42 Eco1.User user hide)
    (43 Eco2.User user hide)
    (44 Edge.Cuts user)
    (45 Margin user hide)
    (46 B.CrtYd user hide)
    (47 F.CrtYd user hide)
    (48 B.Fab user hide)
    (49 F.Fab user hide)
  )

  (setup
    (last_trace_width 0.25)
    (trace_clearance 0.15)
    (zone_clearance 0.508)
    (zone_45_only no)
    (trace_min 0.2)
    (via_size 0.8)
    (via_drill 0.4)
    (via_min_size 0.4)
    (via_min_drill 0.3)
    (uvia_size 0.3)
    (uvia_drill 0.1)
    (uvias_allowed no)
    (uvia_min_size 0.2)
    (uvia_min_drill 0.1)
    (edge_width 0.05)
    (segment_width 0.2)
    (pcb_text_width 0.3)
    (pcb_text_size 1.5 1.5)
    (mod_edge_width 0.12)
    (mod_text_size 1 1)
    (mod_text_width 0.15)
    (pad_size 1.524 1.524)
    (pad_drill 0.762)
    (pad_to_mask_clearance 0.051)
    (solder_mask_min_width 0.25)
    (aux_axis_origin 0 0)
    (visible_elements FFFFFF7F)
    (pcbplotparams
      (layerselection 0x010f0_ffffffff)
      (usegerberextensions false)
      (usegerberattributes false)
      (usegerberadvancedattributes false)
      (creategerberjobfile false)
      (excludeedgelayer true)
      (linewidth 0.100000)
      (plotframeref false)
      (viasonmask false)
      (mode 1)
      (useauxorigin false)
      (hpglpennumber 1)
      (hpglpenspeed 20)
      (hpglpendiameter 15.000000)
      (psnegative false)
      (psa4output false)
      (plotreference true)
      (plotvalue false)
      (plotinvisibletext false)
      (padsonsilk true)
      (subtractmaskfromsilk false)
      (outputformat 1)
      (mirror false)
      (drillshape 0)
      (scaleselection 1)
      (outputdirectory "gerber/"))
  )

  (net 0 "")
  (net 1 GND)
  (net 2 PR1_XTAL1)
  (net 3 PR0_XTAL2)
  (net 4 PDI_DATA)
  (net 5 RESET)
  (net 6 PA7)
  (net 7 PA6)
  (net 8 PA5)
  (net 9 PA4)
  (net 10 PA3)
  (net 11 PA2)
  (net 12 PA1)
  (net 13 PA0)
  (net 14 PB7)
  (net 15 PB6)
  (net 16 PB5)
  (net 17 PB4)
  (net 18 PB3)
  (net 19 PB2)
  (net 20 PB1)
  (net 21 PB0)
  (net 22 PC7)
  (net 23 PC6)
  (net 24 PC5)
  (net 25 PC4)
  (net 26 PC3)
  (net 27 PC2)
  (net 28 PC1)
  (net 29 PC0)
  (net 30 PD7)
  (net 31 PD6)
  (net 32 PD5)
  (net 33 PD4)
  (net 34 PD3)
  (net 35 PD2)
  (net 36 PD1)
  (net 37 PD0)
  (net 38 PE7)
  (net 39 PE6)
  (net 40 PE5)
  (net 41 PE4)
  (net 42 PE3)
  (net 43 PE2)
  (net 44 PE1)
  (net 45 PE0)
  (net 46 PF7)
  (net 47 PF6)
  (net 48 PF5)
  (net 49 PF4)
  (net 50 PF3)
  (net 51 PF2)
  (net 52 PF1)
  (net 53 PF0)
  (net 54 "Net-(D1-Pad2)")
  (net 55 +5V)
  (net 56 +3V3)
  (net 57 "Net-(J1-Pad2)")

  (net_class Default "Dies ist die voreingestellte Netzklasse."
    (clearance 0.15)
    (trace_width 0.25)
    (via_dia 0.8)
    (via_drill 0.4)
    (uvia_dia 0.3)
    (uvia_drill 0.1)
    (add_net +3V3)
    (add_net +5V)
    (add_net "Net-(D1-Pad2)")
    (add_net "Net-(J1-Pad2)")
    (add_net PA0)
    (add_net PA1)
    (add_net PA2)
    (add_net PA3)
    (add_net PA4)
    (add_net PA5)
    (add_net PA6)
    (add_net PA7)
    (add_net PB0)
    (add_net PB1)
    (add_net PB2)
    (add_net PB3)
    (add_net PB4)
    (add_net PB5)
    (add_net PB6)
    (add_net PB7)
    (add_net PC0)
    (add_net PC1)
    (add_net PC2)
    (add_net PC3)
    (add_net PC4)
    (add_net PC5)
    (add_net PC6)
    (add_net PC7)
    (add_net PD0)
    (add_net PD1)
    (add_net PD2)
    (add_net PD3)
    (add_net PD4)
    (add_net PD5)
    (add_net PD6)
    (add_net PD7)
    (add_net PDI_DATA)
    (add_net PE0)
    (add_net PE1)
    (add_net PE2)
    (add_net PE3)
    (add_net PE4)
    (add_net PE5)
    (add_net PE6)
    (add_net PE7)
    (add_net PF0)
    (add_net PF1)
    (add_net PF2)
    (add_net PF3)
    (add_net PF4)
    (add_net PF5)
    (add_net PF6)
    (add_net PF7)
    (add_net PR0_XTAL2)
    (add_net PR1_XTAL1)
    (add_net RESET)
  )

  (net_class POWER ""
    (clearance 0.15)
    (trace_width 0.4)
    (via_dia 0.8)
    (via_drill 0.4)
    (uvia_dia 0.3)
    (uvia_drill 0.1)
    (add_net GND)
  )

  (module button_switch_tk:SW_KMR231G (layer F.Cu) (tedit 5F8356FB) (tstamp 5F83B93E)
    (at 201.168 72.136)
    (descr "Surface Mount Tactile Switch for High-Density Packaging")
    (tags "Tactile Switch")
    (path /5FA727D8)
    (attr smd)
    (fp_text reference SW1 (at 0.1 -2.3) (layer F.SilkS) hide
      (effects (font (size 1 1) (thickness 0.15)))
    )
    (fp_text value SW_Push (at 0 2.55) (layer F.Fab)
      (effects (font (size 1 1) (thickness 0.15)))
    )
    (fp_line (start -2.6 1.4) (end -2.6 -1.4) (layer F.Fab) (width 0.1))
    (fp_line (start 2.6 1.4) (end -2.6 1.4) (layer F.Fab) (width 0.1))
    (fp_line (start 2.6 -1.4) (end 2.6 1.4) (layer F.Fab) (width 0.1))
    (fp_line (start -2.6 -1.4) (end 2.6 -1.4) (layer F.Fab) (width 0.1))
    (fp_line (start 2.75 -1.55) (end 2.75 1.55) (layer F.SilkS) (width 0.12))
    (fp_line (start 2.75 1.55) (end -2.75 1.55) (layer F.SilkS) (width 0.12))
    (fp_line (start -2.75 1.55) (end -2.75 -1.55) (layer F.SilkS) (width 0.12))
    (fp_line (start -2.75 -1.55) (end 2.75 -1.55) (layer F.SilkS) (width 0.12))
    (fp_line (start -2.75 -1.55) (end -2.75 1.55) (layer F.CrtYd) (width 0.05))
    (fp_line (start 2.75 -1.55) (end -2.75 -1.55) (layer F.CrtYd) (width 0.05))
    (fp_line (start 2.75 1.55) (end 2.75 -1.55) (layer F.CrtYd) (width 0.05))
    (fp_line (start -2.75 1.55) (end 2.75 1.55) (layer F.CrtYd) (width 0.05))
    (fp_line (start 0 -0.8) (end -1.1 -0.5) (layer F.SilkS) (width 0.15))
    (fp_line (start -1.1 -0.5) (end -1.1 0.5) (layer F.SilkS) (width 0.15))
    (fp_line (start -1.1 0.5) (end 0 0.8) (layer F.SilkS) (width 0.15))
    (fp_line (start 0 0.8) (end 1.1 0.5) (layer F.SilkS) (width 0.15))
    (fp_line (start 1.1 0.5) (end 1.1 -0.5) (layer F.SilkS) (width 0.15))
    (fp_line (start 1.1 -0.5) (end 0 -0.8) (layer F.SilkS) (width 0.15))
    (fp_text user %R (at 0.1 -2.3) (layer F.Fab)
      (effects (font (size 1 1) (thickness 0.15)))
    )
    (pad 2 smd rect (at 2.05 0.8) (size 1 1.2) (layers F.Cu F.Paste F.Mask)
      (net 1 GND))
    (pad 2 smd rect (at -2.05 0.8) (size 1 1.2) (layers F.Cu F.Paste F.Mask)
      (net 1 GND))
    (pad 1 smd rect (at 2.05 -0.8) (size 1 1.2) (layers F.Cu F.Paste F.Mask)
      (net 5 RESET))
    (pad 1 smd rect (at -2.05 -0.8) (size 1 1.2) (layers F.Cu F.Paste F.Mask)
      (net 5 RESET))
    (model ${TK_3DMOD}/button_switch_tk.pretty/SW_KMR231.STEP
      (offset (xyz 0 0 1.4))
      (scale (xyz 1 1 1))
      (rotate (xyz -90 0 0))
    )
  )

  (module Package_TO_SOT_SMD:SOT-223-3_TabPin2 (layer F.Cu) (tedit 5A02FF57) (tstamp 5F839811)
    (at 198.628 127.508)
    (descr "module CMS SOT223 4 pins")
    (tags "CMS SOT")
    (path /5F5EAFB4)
    (attr smd)
    (fp_text reference U1 (at 0 -4.5) (layer F.SilkS)
      (effects (font (size 1 1) (thickness 0.15)))
    )
    (fp_text value AMS1117-3.3 (at 0 4.5) (layer F.Fab)
      (effects (font (size 1 1) (thickness 0.15)))
    )
    (fp_line (start 1.91 3.41) (end 1.91 2.15) (layer F.SilkS) (width 0.12))
    (fp_line (start 1.91 -3.41) (end 1.91 -2.15) (layer F.SilkS) (width 0.12))
    (fp_line (start 4.4 -3.6) (end -4.4 -3.6) (layer F.CrtYd) (width 0.05))
    (fp_line (start 4.4 3.6) (end 4.4 -3.6) (layer F.CrtYd) (width 0.05))
    (fp_line (start -4.4 3.6) (end 4.4 3.6) (layer F.CrtYd) (width 0.05))
    (fp_line (start -4.4 -3.6) (end -4.4 3.6) (layer F.CrtYd) (width 0.05))
    (fp_line (start -1.85 -2.35) (end -0.85 -3.35) (layer F.Fab) (width 0.1))
    (fp_line (start -1.85 -2.35) (end -1.85 3.35) (layer F.Fab) (width 0.1))
    (fp_line (start -1.85 3.41) (end 1.91 3.41) (layer F.SilkS) (width 0.12))
    (fp_line (start -0.85 -3.35) (end 1.85 -3.35) (layer F.Fab) (width 0.1))
    (fp_line (start -4.1 -3.41) (end 1.91 -3.41) (layer F.SilkS) (width 0.12))
    (fp_line (start -1.85 3.35) (end 1.85 3.35) (layer F.Fab) (width 0.1))
    (fp_line (start 1.85 -3.35) (end 1.85 3.35) (layer F.Fab) (width 0.1))
    (fp_text user %R (at 0 0 90) (layer F.Fab)
      (effects (font (size 0.8 0.8) (thickness 0.12)))
    )
    (pad 1 smd rect (at -3.15 -2.3) (size 2 1.5) (layers F.Cu F.Paste F.Mask)
      (net 1 GND))
    (pad 3 smd rect (at -3.15 2.3) (size 2 1.5) (layers F.Cu F.Paste F.Mask)
      (net 55 +5V))
    (pad 2 smd rect (at -3.15 0) (size 2 1.5) (layers F.Cu F.Paste F.Mask)
      (net 56 +3V3))
    (pad 2 smd rect (at 3.15 0) (size 2 3.8) (layers F.Cu F.Paste F.Mask)
      (net 56 +3V3))
    (model ${KISYS3DMOD}/Package_TO_SOT_SMD.3dshapes/SOT-223.wrl
      (at (xyz 0 0 0))
      (scale (xyz 1 1 1))
      (rotate (xyz 0 0 0))
    )
  )

  (module Resistor_SMD:R_0805_2012Metric_Pad1.20x1.40mm_HandSolder (layer F.Cu) (tedit 5F68FEEE) (tstamp 5F0AE532)
    (at 201.177 76.581)
    (descr "Resistor SMD 0805 (2012 Metric), square (rectangular) end terminal, IPC_7351 nominal with elongated pad for handsoldering. (Body size source: IPC-SM-782 page 72, https://www.pcb-3d.com/wordpress/wp-content/uploads/ipc-sm-782a_amendment_1_and_2.pdf), generated with kicad-footprint-generator")
    (tags "resistor handsolder")
    (path /5F101B02)
    (attr smd)
    (fp_text reference R1 (at 0 -1.65) (layer F.SilkS)
      (effects (font (size 1 1) (thickness 0.15)))
    )
    (fp_text value 68 (at 0 1.65) (layer F.Fab)
      (effects (font (size 1 1) (thickness 0.15)))
    )
    (fp_line (start -1 0.625) (end -1 -0.625) (layer F.Fab) (width 0.1))
    (fp_line (start -1 -0.625) (end 1 -0.625) (layer F.Fab) (width 0.1))
    (fp_line (start 1 -0.625) (end 1 0.625) (layer F.Fab) (width 0.1))
    (fp_line (start 1 0.625) (end -1 0.625) (layer F.Fab) (width 0.1))
    (fp_line (start -0.227064 -0.735) (end 0.227064 -0.735) (layer F.SilkS) (width 0.12))
    (fp_line (start -0.227064 0.735) (end 0.227064 0.735) (layer F.SilkS) (width 0.12))
    (fp_line (start -1.85 0.95) (end -1.85 -0.95) (layer F.CrtYd) (width 0.05))
    (fp_line (start -1.85 -0.95) (end 1.85 -0.95) (layer F.CrtYd) (width 0.05))
    (fp_line (start 1.85 -0.95) (end 1.85 0.95) (layer F.CrtYd) (width 0.05))
    (fp_line (start 1.85 0.95) (end -1.85 0.95) (layer F.CrtYd) (width 0.05))
    (fp_text user %R (at 0 0) (layer F.Fab)
      (effects (font (size 0.5 0.5) (thickness 0.08)))
    )
    (pad 2 smd roundrect (at 1 0) (size 1.2 1.4) (layers F.Cu F.Paste F.Mask) (roundrect_rratio 0.2083325)
      (net 56 +3V3))
    (pad 1 smd roundrect (at -1 0) (size 1.2 1.4) (layers F.Cu F.Paste F.Mask) (roundrect_rratio 0.2083325)
      (net 54 "Net-(D1-Pad2)"))
    (model ${KISYS3DMOD}/Resistor_SMD.3dshapes/R_0805_2012Metric.wrl
      (at (xyz 0 0 0))
      (scale (xyz 1 1 1))
      (rotate (xyz 0 0 0))
    )
  )

  (module Capacitor_Tantalum_SMD:CP_EIA-3528-12_Kemet-T_Pad1.50x2.35mm_HandSolder (layer F.Cu) (tedit 5EBA9318) (tstamp 5F839627)
    (at 197.104 133.096)
    (descr "Tantalum Capacitor SMD Kemet-T (3528-12 Metric), IPC_7351 nominal, (Body size from: http://www.kemet.com/Lists/ProductCatalog/Attachments/253/KEM_TC101_STD.pdf), generated with kicad-footprint-generator")
    (tags "capacitor tantalum")
    (path /5F98DA80)
    (attr smd)
    (fp_text reference C8 (at -0.508 2.54) (layer F.SilkS)
      (effects (font (size 1 1) (thickness 0.15)))
    )
    (fp_text value 22u (at 0 2.35) (layer F.Fab)
      (effects (font (size 1 1) (thickness 0.15)))
    )
    (fp_line (start 1.75 -1.4) (end -1.05 -1.4) (layer F.Fab) (width 0.1))
    (fp_line (start -1.05 -1.4) (end -1.75 -0.7) (layer F.Fab) (width 0.1))
    (fp_line (start -1.75 -0.7) (end -1.75 1.4) (layer F.Fab) (width 0.1))
    (fp_line (start -1.75 1.4) (end 1.75 1.4) (layer F.Fab) (width 0.1))
    (fp_line (start 1.75 1.4) (end 1.75 -1.4) (layer F.Fab) (width 0.1))
    (fp_line (start 1.75 -1.51) (end -2.635 -1.51) (layer F.SilkS) (width 0.12))
    (fp_line (start -2.635 -1.51) (end -2.635 1.51) (layer F.SilkS) (width 0.12))
    (fp_line (start -2.635 1.51) (end 1.75 1.51) (layer F.SilkS) (width 0.12))
    (fp_line (start -2.62 1.65) (end -2.62 -1.65) (layer F.CrtYd) (width 0.05))
    (fp_line (start -2.62 -1.65) (end 2.62 -1.65) (layer F.CrtYd) (width 0.05))
    (fp_line (start 2.62 -1.65) (end 2.62 1.65) (layer F.CrtYd) (width 0.05))
    (fp_line (start 2.62 1.65) (end -2.62 1.65) (layer F.CrtYd) (width 0.05))
    (fp_text user %R (at 0 0) (layer F.Fab)
      (effects (font (size 0.88 0.88) (thickness 0.13)))
    )
    (pad 2 smd roundrect (at 1.625 0) (size 1.5 2.35) (layers F.Cu F.Paste F.Mask) (roundrect_rratio 0.1666666666666667)
      (net 1 GND))
    (pad 1 smd roundrect (at -1.625 0) (size 1.5 2.35) (layers F.Cu F.Paste F.Mask) (roundrect_rratio 0.1666666666666667)
      (net 56 +3V3))
    (model ${KISYS3DMOD}/Capacitor_Tantalum_SMD.3dshapes/CP_EIA-3528-12_Kemet-T.wrl
      (at (xyz 0 0 0))
      (scale (xyz 1 1 1))
      (rotate (xyz 0 0 0))
    )
  )

  (module Capacitor_SMD:C_0805_2012Metric_Pad1.18x1.45mm_HandSolder (layer F.Cu) (tedit 5F68FEEF) (tstamp 5F839614)
    (at 201.676 133.096 270)
    (descr "Capacitor SMD 0805 (2012 Metric), square (rectangular) end terminal, IPC_7351 nominal with elongated pad for handsoldering. (Body size source: IPC-SM-782 page 76, https://www.pcb-3d.com/wordpress/wp-content/uploads/ipc-sm-782a_amendment_1_and_2.pdf, https://docs.google.com/spreadsheets/d/1BsfQQcO9C6DZCsRaXUlFlo91Tg2WpOkGARC1WS5S8t0/edit?usp=sharing), generated with kicad-footprint-generator")
    (tags "capacitor handsolder")
    (path /5F974762)
    (attr smd)
    (fp_text reference C7 (at 0 -1.68 90) (layer F.SilkS)
      (effects (font (size 1 1) (thickness 0.15)))
    )
    (fp_text value 100n (at 0 1.68 90) (layer F.Fab)
      (effects (font (size 1 1) (thickness 0.15)))
    )
    (fp_line (start -1 0.625) (end -1 -0.625) (layer F.Fab) (width 0.1))
    (fp_line (start -1 -0.625) (end 1 -0.625) (layer F.Fab) (width 0.1))
    (fp_line (start 1 -0.625) (end 1 0.625) (layer F.Fab) (width 0.1))
    (fp_line (start 1 0.625) (end -1 0.625) (layer F.Fab) (width 0.1))
    (fp_line (start -0.261252 -0.735) (end 0.261252 -0.735) (layer F.SilkS) (width 0.12))
    (fp_line (start -0.261252 0.735) (end 0.261252 0.735) (layer F.SilkS) (width 0.12))
    (fp_line (start -1.88 0.98) (end -1.88 -0.98) (layer F.CrtYd) (width 0.05))
    (fp_line (start -1.88 -0.98) (end 1.88 -0.98) (layer F.CrtYd) (width 0.05))
    (fp_line (start 1.88 -0.98) (end 1.88 0.98) (layer F.CrtYd) (width 0.05))
    (fp_line (start 1.88 0.98) (end -1.88 0.98) (layer F.CrtYd) (width 0.05))
    (fp_text user %R (at 0 0 90) (layer F.Fab)
      (effects (font (size 0.5 0.5) (thickness 0.08)))
    )
    (pad 2 smd roundrect (at 1.0375 0 270) (size 1.175 1.45) (layers F.Cu F.Paste F.Mask) (roundrect_rratio 0.2127659574468085)
      (net 1 GND))
    (pad 1 smd roundrect (at -1.0375 0 270) (size 1.175 1.45) (layers F.Cu F.Paste F.Mask) (roundrect_rratio 0.2127659574468085)
      (net 55 +5V))
    (model ${KISYS3DMOD}/Capacitor_SMD.3dshapes/C_0805_2012Metric.wrl
      (at (xyz 0 0 0))
      (scale (xyz 1 1 1))
      (rotate (xyz 0 0 0))
    )
  )

  (module Capacitor_SMD:C_0805_2012Metric_Pad1.18x1.45mm_HandSolder (layer B.Cu) (tedit 5F68FEEF) (tstamp 5EF3A594)
    (at 196.605 90.17)
    (descr "Capacitor SMD 0805 (2012 Metric), square (rectangular) end terminal, IPC_7351 nominal with elongated pad for handsoldering. (Body size source: IPC-SM-782 page 76, https://www.pcb-3d.com/wordpress/wp-content/uploads/ipc-sm-782a_amendment_1_and_2.pdf, https://docs.google.com/spreadsheets/d/1BsfQQcO9C6DZCsRaXUlFlo91Tg2WpOkGARC1WS5S8t0/edit?usp=sharing), generated with kicad-footprint-generator")
    (tags "capacitor handsolder")
    (path /5EF3F5F7)
    (attr smd)
    (fp_text reference C6 (at 0 1.68) (layer B.SilkS)
      (effects (font (size 1 1) (thickness 0.15)) (justify mirror))
    )
    (fp_text value 100n (at 0 -1.68) (layer B.Fab)
      (effects (font (size 1 1) (thickness 0.15)) (justify mirror))
    )
    (fp_line (start -1 -0.625) (end -1 0.625) (layer B.Fab) (width 0.1))
    (fp_line (start -1 0.625) (end 1 0.625) (layer B.Fab) (width 0.1))
    (fp_line (start 1 0.625) (end 1 -0.625) (layer B.Fab) (width 0.1))
    (fp_line (start 1 -0.625) (end -1 -0.625) (layer B.Fab) (width 0.1))
    (fp_line (start -0.261252 0.735) (end 0.261252 0.735) (layer B.SilkS) (width 0.12))
    (fp_line (start -0.261252 -0.735) (end 0.261252 -0.735) (layer B.SilkS) (width 0.12))
    (fp_line (start -1.88 -0.98) (end -1.88 0.98) (layer B.CrtYd) (width 0.05))
    (fp_line (start -1.88 0.98) (end 1.88 0.98) (layer B.CrtYd) (width 0.05))
    (fp_line (start 1.88 0.98) (end 1.88 -0.98) (layer B.CrtYd) (width 0.05))
    (fp_line (start 1.88 -0.98) (end -1.88 -0.98) (layer B.CrtYd) (width 0.05))
    (fp_text user %R (at 0 0) (layer B.Fab)
      (effects (font (size 0.5 0.5) (thickness 0.08)) (justify mirror))
    )
    (pad 2 smd roundrect (at 1.0375 0) (size 1.175 1.45) (layers B.Cu B.Paste B.Mask) (roundrect_rratio 0.2127659574468085)
      (net 1 GND))
    (pad 1 smd roundrect (at -1.0375 0) (size 1.175 1.45) (layers B.Cu B.Paste B.Mask) (roundrect_rratio 0.2127659574468085)
      (net 56 +3V3))
    (model ${KISYS3DMOD}/Capacitor_SMD.3dshapes/C_0805_2012Metric.wrl
      (at (xyz 0 0 0))
      (scale (xyz 1 1 1))
      (rotate (xyz 0 0 0))
    )
  )

  (module Capacitor_SMD:C_0805_2012Metric_Pad1.18x1.45mm_HandSolder (layer B.Cu) (tedit 5F68FEEF) (tstamp 5EF3A583)
    (at 201.685 90.17 180)
    (descr "Capacitor SMD 0805 (2012 Metric), square (rectangular) end terminal, IPC_7351 nominal with elongated pad for handsoldering. (Body size source: IPC-SM-782 page 76, https://www.pcb-3d.com/wordpress/wp-content/uploads/ipc-sm-782a_amendment_1_and_2.pdf, https://docs.google.com/spreadsheets/d/1BsfQQcO9C6DZCsRaXUlFlo91Tg2WpOkGARC1WS5S8t0/edit?usp=sharing), generated with kicad-footprint-generator")
    (tags "capacitor handsolder")
    (path /5EF3ECB9)
    (attr smd)
    (fp_text reference C5 (at 0 1.68) (layer B.SilkS)
      (effects (font (size 1 1) (thickness 0.15)) (justify mirror))
    )
    (fp_text value 100n (at 0 -1.68) (layer B.Fab)
      (effects (font (size 1 1) (thickness 0.15)) (justify mirror))
    )
    (fp_line (start -1 -0.625) (end -1 0.625) (layer B.Fab) (width 0.1))
    (fp_line (start -1 0.625) (end 1 0.625) (layer B.Fab) (width 0.1))
    (fp_line (start 1 0.625) (end 1 -0.625) (layer B.Fab) (width 0.1))
    (fp_line (start 1 -0.625) (end -1 -0.625) (layer B.Fab) (width 0.1))
    (fp_line (start -0.261252 0.735) (end 0.261252 0.735) (layer B.SilkS) (width 0.12))
    (fp_line (start -0.261252 -0.735) (end 0.261252 -0.735) (layer B.SilkS) (width 0.12))
    (fp_line (start -1.88 -0.98) (end -1.88 0.98) (layer B.CrtYd) (width 0.05))
    (fp_line (start -1.88 0.98) (end 1.88 0.98) (layer B.CrtYd) (width 0.05))
    (fp_line (start 1.88 0.98) (end 1.88 -0.98) (layer B.CrtYd) (width 0.05))
    (fp_line (start 1.88 -0.98) (end -1.88 -0.98) (layer B.CrtYd) (width 0.05))
    (fp_text user %R (at 0 0) (layer B.Fab)
      (effects (font (size 0.5 0.5) (thickness 0.08)) (justify mirror))
    )
    (pad 2 smd roundrect (at 1.0375 0 180) (size 1.175 1.45) (layers B.Cu B.Paste B.Mask) (roundrect_rratio 0.2127659574468085)
      (net 1 GND))
    (pad 1 smd roundrect (at -1.0375 0 180) (size 1.175 1.45) (layers B.Cu B.Paste B.Mask) (roundrect_rratio 0.2127659574468085)
      (net 56 +3V3))
    (model ${KISYS3DMOD}/Capacitor_SMD.3dshapes/C_0805_2012Metric.wrl
      (at (xyz 0 0 0))
      (scale (xyz 1 1 1))
      (rotate (xyz 0 0 0))
    )
  )

  (module Capacitor_SMD:C_0805_2012Metric_Pad1.18x1.45mm_HandSolder (layer B.Cu) (tedit 5F68FEEF) (tstamp 5EF3F2B8)
    (at 204.724 99.069 90)
    (descr "Capacitor SMD 0805 (2012 Metric), square (rectangular) end terminal, IPC_7351 nominal with elongated pad for handsoldering. (Body size source: IPC-SM-782 page 76, https://www.pcb-3d.com/wordpress/wp-content/uploads/ipc-sm-782a_amendment_1_and_2.pdf, https://docs.google.com/spreadsheets/d/1BsfQQcO9C6DZCsRaXUlFlo91Tg2WpOkGARC1WS5S8t0/edit?usp=sharing), generated with kicad-footprint-generator")
    (tags "capacitor handsolder")
    (path /5EF6E3FD)
    (attr smd)
    (fp_text reference C4 (at 0 1.68 90) (layer B.SilkS)
      (effects (font (size 1 1) (thickness 0.15)) (justify mirror))
    )
    (fp_text value 100n (at 0 -1.68 90) (layer B.Fab)
      (effects (font (size 1 1) (thickness 0.15)) (justify mirror))
    )
    (fp_line (start -1 -0.625) (end -1 0.625) (layer B.Fab) (width 0.1))
    (fp_line (start -1 0.625) (end 1 0.625) (layer B.Fab) (width 0.1))
    (fp_line (start 1 0.625) (end 1 -0.625) (layer B.Fab) (width 0.1))
    (fp_line (start 1 -0.625) (end -1 -0.625) (layer B.Fab) (width 0.1))
    (fp_line (start -0.261252 0.735) (end 0.261252 0.735) (layer B.SilkS) (width 0.12))
    (fp_line (start -0.261252 -0.735) (end 0.261252 -0.735) (layer B.SilkS) (width 0.12))
    (fp_line (start -1.88 -0.98) (end -1.88 0.98) (layer B.CrtYd) (width 0.05))
    (fp_line (start -1.88 0.98) (end 1.88 0.98) (layer B.CrtYd) (width 0.05))
    (fp_line (start 1.88 0.98) (end 1.88 -0.98) (layer B.CrtYd) (width 0.05))
    (fp_line (start 1.88 -0.98) (end -1.88 -0.98) (layer B.CrtYd) (width 0.05))
    (fp_text user %R (at 0 0 90) (layer B.Fab)
      (effects (font (size 0.5 0.5) (thickness 0.08)) (justify mirror))
    )
    (pad 2 smd roundrect (at 1.0375 0 90) (size 1.175 1.45) (layers B.Cu B.Paste B.Mask) (roundrect_rratio 0.2127659574468085)
      (net 1 GND))
    (pad 1 smd roundrect (at -1.0375 0 90) (size 1.175 1.45) (layers B.Cu B.Paste B.Mask) (roundrect_rratio 0.2127659574468085)
      (net 56 +3V3))
    (model ${KISYS3DMOD}/Capacitor_SMD.3dshapes/C_0805_2012Metric.wrl
      (at (xyz 0 0 0))
      (scale (xyz 1 1 1))
      (rotate (xyz 0 0 0))
    )
  )

  (module Capacitor_SMD:C_0805_2012Metric_Pad1.18x1.45mm_HandSolder (layer B.Cu) (tedit 5F68FEEF) (tstamp 5EF3E806)
    (at 208.788 109.728 90)
    (descr "Capacitor SMD 0805 (2012 Metric), square (rectangular) end terminal, IPC_7351 nominal with elongated pad for handsoldering. (Body size source: IPC-SM-782 page 76, https://www.pcb-3d.com/wordpress/wp-content/uploads/ipc-sm-782a_amendment_1_and_2.pdf, https://docs.google.com/spreadsheets/d/1BsfQQcO9C6DZCsRaXUlFlo91Tg2WpOkGARC1WS5S8t0/edit?usp=sharing), generated with kicad-footprint-generator")
    (tags "capacitor handsolder")
    (path /5EF6E886)
    (attr smd)
    (fp_text reference C3 (at 0 -1.524 270) (layer B.SilkS)
      (effects (font (size 1 1) (thickness 0.15)) (justify mirror))
    )
    (fp_text value 100n (at 0 -1.68 90) (layer B.Fab)
      (effects (font (size 1 1) (thickness 0.15)) (justify mirror))
    )
    (fp_line (start -1 -0.625) (end -1 0.625) (layer B.Fab) (width 0.1))
    (fp_line (start -1 0.625) (end 1 0.625) (layer B.Fab) (width 0.1))
    (fp_line (start 1 0.625) (end 1 -0.625) (layer B.Fab) (width 0.1))
    (fp_line (start 1 -0.625) (end -1 -0.625) (layer B.Fab) (width 0.1))
    (fp_line (start -0.261252 0.735) (end 0.261252 0.735) (layer B.SilkS) (width 0.12))
    (fp_line (start -0.261252 -0.735) (end 0.261252 -0.735) (layer B.SilkS) (width 0.12))
    (fp_line (start -1.88 -0.98) (end -1.88 0.98) (layer B.CrtYd) (width 0.05))
    (fp_line (start -1.88 0.98) (end 1.88 0.98) (layer B.CrtYd) (width 0.05))
    (fp_line (start 1.88 0.98) (end 1.88 -0.98) (layer B.CrtYd) (width 0.05))
    (fp_line (start 1.88 -0.98) (end -1.88 -0.98) (layer B.CrtYd) (width 0.05))
    (fp_text user %R (at 0 0 90) (layer B.Fab)
      (effects (font (size 0.5 0.5) (thickness 0.08)) (justify mirror))
    )
    (pad 2 smd roundrect (at 1.0375 0 90) (size 1.175 1.45) (layers B.Cu B.Paste B.Mask) (roundrect_rratio 0.2127659574468085)
      (net 1 GND))
    (pad 1 smd roundrect (at -1.0375 0 90) (size 1.175 1.45) (layers B.Cu B.Paste B.Mask) (roundrect_rratio 0.2127659574468085)
      (net 56 +3V3))
    (model ${KISYS3DMOD}/Capacitor_SMD.3dshapes/C_0805_2012Metric.wrl
      (at (xyz 0 0 0))
      (scale (xyz 1 1 1))
      (rotate (xyz 0 0 0))
    )
  )

  (module Capacitor_SMD:C_0805_2012Metric_Pad1.18x1.45mm_HandSolder (layer B.Cu) (tedit 5F68FEEF) (tstamp 5EF3F17B)
    (at 201.667 114.3 180)
    (descr "Capacitor SMD 0805 (2012 Metric), square (rectangular) end terminal, IPC_7351 nominal with elongated pad for handsoldering. (Body size source: IPC-SM-782 page 76, https://www.pcb-3d.com/wordpress/wp-content/uploads/ipc-sm-782a_amendment_1_and_2.pdf, https://docs.google.com/spreadsheets/d/1BsfQQcO9C6DZCsRaXUlFlo91Tg2WpOkGARC1WS5S8t0/edit?usp=sharing), generated with kicad-footprint-generator")
    (tags "capacitor handsolder")
    (path /5EF6ED15)
    (attr smd)
    (fp_text reference C2 (at 0 1.68) (layer B.SilkS)
      (effects (font (size 1 1) (thickness 0.15)) (justify mirror))
    )
    (fp_text value 100n (at 0 -1.68) (layer B.Fab)
      (effects (font (size 1 1) (thickness 0.15)) (justify mirror))
    )
    (fp_line (start -1 -0.625) (end -1 0.625) (layer B.Fab) (width 0.1))
    (fp_line (start -1 0.625) (end 1 0.625) (layer B.Fab) (width 0.1))
    (fp_line (start 1 0.625) (end 1 -0.625) (layer B.Fab) (width 0.1))
    (fp_line (start 1 -0.625) (end -1 -0.625) (layer B.Fab) (width 0.1))
    (fp_line (start -0.261252 0.735) (end 0.261252 0.735) (layer B.SilkS) (width 0.12))
    (fp_line (start -0.261252 -0.735) (end 0.261252 -0.735) (layer B.SilkS) (width 0.12))
    (fp_line (start -1.88 -0.98) (end -1.88 0.98) (layer B.CrtYd) (width 0.05))
    (fp_line (start -1.88 0.98) (end 1.88 0.98) (layer B.CrtYd) (width 0.05))
    (fp_line (start 1.88 0.98) (end 1.88 -0.98) (layer B.CrtYd) (width 0.05))
    (fp_line (start 1.88 -0.98) (end -1.88 -0.98) (layer B.CrtYd) (width 0.05))
    (fp_text user %R (at 0 0) (layer B.Fab)
      (effects (font (size 0.5 0.5) (thickness 0.08)) (justify mirror))
    )
    (pad 2 smd roundrect (at 1.0375 0 180) (size 1.175 1.45) (layers B.Cu B.Paste B.Mask) (roundrect_rratio 0.2127659574468085)
      (net 1 GND))
    (pad 1 smd roundrect (at -1.0375 0 180) (size 1.175 1.45) (layers B.Cu B.Paste B.Mask) (roundrect_rratio 0.2127659574468085)
      (net 56 +3V3))
    (model ${KISYS3DMOD}/Capacitor_SMD.3dshapes/C_0805_2012Metric.wrl
      (at (xyz 0 0 0))
      (scale (xyz 1 1 1))
      (rotate (xyz 0 0 0))
    )
  )

  (module Capacitor_SMD:C_0805_2012Metric_Pad1.18x1.45mm_HandSolder (layer B.Cu) (tedit 5F68FEEF) (tstamp 5EF3EB69)
    (at 197.612 105.655 90)
    (descr "Capacitor SMD 0805 (2012 Metric), square (rectangular) end terminal, IPC_7351 nominal with elongated pad for handsoldering. (Body size source: IPC-SM-782 page 76, https://www.pcb-3d.com/wordpress/wp-content/uploads/ipc-sm-782a_amendment_1_and_2.pdf, https://docs.google.com/spreadsheets/d/1BsfQQcO9C6DZCsRaXUlFlo91Tg2WpOkGARC1WS5S8t0/edit?usp=sharing), generated with kicad-footprint-generator")
    (tags "capacitor handsolder")
    (path /5EF6F07C)
    (attr smd)
    (fp_text reference C1 (at 0 1.68 90) (layer B.SilkS)
      (effects (font (size 1 1) (thickness 0.15)) (justify mirror))
    )
    (fp_text value 100n (at 0 -1.68 90) (layer B.Fab)
      (effects (font (size 1 1) (thickness 0.15)) (justify mirror))
    )
    (fp_line (start -1 -0.625) (end -1 0.625) (layer B.Fab) (width 0.1))
    (fp_line (start -1 0.625) (end 1 0.625) (layer B.Fab) (width 0.1))
    (fp_line (start 1 0.625) (end 1 -0.625) (layer B.Fab) (width 0.1))
    (fp_line (start 1 -0.625) (end -1 -0.625) (layer B.Fab) (width 0.1))
    (fp_line (start -0.261252 0.735) (end 0.261252 0.735) (layer B.SilkS) (width 0.12))
    (fp_line (start -0.261252 -0.735) (end 0.261252 -0.735) (layer B.SilkS) (width 0.12))
    (fp_line (start -1.88 -0.98) (end -1.88 0.98) (layer B.CrtYd) (width 0.05))
    (fp_line (start -1.88 0.98) (end 1.88 0.98) (layer B.CrtYd) (width 0.05))
    (fp_line (start 1.88 0.98) (end 1.88 -0.98) (layer B.CrtYd) (width 0.05))
    (fp_line (start 1.88 -0.98) (end -1.88 -0.98) (layer B.CrtYd) (width 0.05))
    (fp_text user %R (at 0 0 90) (layer B.Fab)
      (effects (font (size 0.5 0.5) (thickness 0.08)) (justify mirror))
    )
    (pad 2 smd roundrect (at 1.0375 0 90) (size 1.175 1.45) (layers B.Cu B.Paste B.Mask) (roundrect_rratio 0.2127659574468085)
      (net 1 GND))
    (pad 1 smd roundrect (at -1.0375 0 90) (size 1.175 1.45) (layers B.Cu B.Paste B.Mask) (roundrect_rratio 0.2127659574468085)
      (net 56 +3V3))
    (model ${KISYS3DMOD}/Capacitor_SMD.3dshapes/C_0805_2012Metric.wrl
      (at (xyz 0 0 0))
      (scale (xyz 1 1 1))
      (rotate (xyz 0 0 0))
    )
  )

  (module LED_SMD:LED_0805_2012Metric_Pad1.15x1.40mm_HandSolder (layer F.Cu) (tedit 5B4B45C9) (tstamp 5F0AE381)
    (at 201.159 80.01)
    (descr "LED SMD 0805 (2012 Metric), square (rectangular) end terminal, IPC_7351 nominal, (Body size source: https://docs.google.com/spreadsheets/d/1BsfQQcO9C6DZCsRaXUlFlo91Tg2WpOkGARC1WS5S8t0/edit?usp=sharing), generated with kicad-footprint-generator")
    (tags "LED handsolder")
    (path /5F0B2F15)
    (attr smd)
    (fp_text reference D1 (at 0 -1.65) (layer F.SilkS)
      (effects (font (size 1 1) (thickness 0.15)))
    )
    (fp_text value "LED ROT (2,0V / 20mA)" (at 0 1.65) (layer F.Fab)
      (effects (font (size 1 1) (thickness 0.15)))
    )
    (fp_line (start 1 -0.6) (end -0.7 -0.6) (layer F.Fab) (width 0.1))
    (fp_line (start -0.7 -0.6) (end -1 -0.3) (layer F.Fab) (width 0.1))
    (fp_line (start -1 -0.3) (end -1 0.6) (layer F.Fab) (width 0.1))
    (fp_line (start -1 0.6) (end 1 0.6) (layer F.Fab) (width 0.1))
    (fp_line (start 1 0.6) (end 1 -0.6) (layer F.Fab) (width 0.1))
    (fp_line (start 1 -0.96) (end -1.86 -0.96) (layer F.SilkS) (width 0.12))
    (fp_line (start -1.86 -0.96) (end -1.86 0.96) (layer F.SilkS) (width 0.12))
    (fp_line (start -1.86 0.96) (end 1 0.96) (layer F.SilkS) (width 0.12))
    (fp_line (start -1.85 0.95) (end -1.85 -0.95) (layer F.CrtYd) (width 0.05))
    (fp_line (start -1.85 -0.95) (end 1.85 -0.95) (layer F.CrtYd) (width 0.05))
    (fp_line (start 1.85 -0.95) (end 1.85 0.95) (layer F.CrtYd) (width 0.05))
    (fp_line (start 1.85 0.95) (end -1.85 0.95) (layer F.CrtYd) (width 0.05))
    (fp_text user %R (at 0 0) (layer F.Fab)
      (effects (font (size 0.5 0.5) (thickness 0.08)))
    )
    (pad 2 smd roundrect (at 1.025 0) (size 1.15 1.4) (layers F.Cu F.Paste F.Mask) (roundrect_rratio 0.2173904347826087)
      (net 54 "Net-(D1-Pad2)"))
    (pad 1 smd roundrect (at -1.025 0) (size 1.15 1.4) (layers F.Cu F.Paste F.Mask) (roundrect_rratio 0.2173904347826087)
      (net 1 GND))
    (model ${KISYS3DMOD}/LED_SMD.3dshapes/LED_0805_2012Metric.wrl
      (at (xyz 0 0 0))
      (scale (xyz 1 1 1))
      (rotate (xyz 0 0 0))
    )
  )

  (module logos_tk:logo_01_10_7mm_fsilk (layer B.Cu) (tedit 0) (tstamp 5EF413BE)
    (at 201.676 125.984 180)
    (fp_text reference G*** (at 0 0) (layer B.SilkS) hide
      (effects (font (size 1.524 1.524) (thickness 0.3)) (justify mirror))
    )
    (fp_text value LOGO (at 0.75 0) (layer B.SilkS) hide
      (effects (font (size 1.524 1.524) (thickness 0.3)) (justify mirror))
    )
    (fp_poly (pts (xy 0.767889 5.329969) (xy 0.77084 5.325924) (xy 0.773314 5.321216) (xy 0.775353 5.314759)
      (xy 0.776997 5.305468) (xy 0.77829 5.292259) (xy 0.779275 5.274046) (xy 0.779992 5.249746)
      (xy 0.780484 5.218273) (xy 0.780794 5.178543) (xy 0.780963 5.12947) (xy 0.781034 5.06997)
      (xy 0.781049 4.998959) (xy 0.78105 4.991555) (xy 0.78105 4.669872) (xy 0.893762 4.648717)
      (xy 0.99269 4.628648) (xy 1.097987 4.60456) (xy 1.206411 4.577333) (xy 1.314716 4.547844)
      (xy 1.419659 4.516972) (xy 1.517995 4.485595) (xy 1.595025 4.458799) (xy 1.662876 4.434085)
      (xy 1.816671 4.70148) (xy 1.847731 4.755278) (xy 1.877304 4.806104) (xy 1.904707 4.852814)
      (xy 1.929258 4.894262) (xy 1.950273 4.929302) (xy 1.967069 4.956788) (xy 1.978965 4.975575)
      (xy 1.985278 4.984517) (xy 1.985393 4.984642) (xy 1.989961 4.989539) (xy 1.994339 4.993752)
      (xy 1.999134 4.996976) (xy 2.004952 4.998905) (xy 2.012397 4.999234) (xy 2.022077 4.997657)
      (xy 2.034595 4.99387) (xy 2.050559 4.987565) (xy 2.070573 4.978439) (xy 2.095243 4.966185)
      (xy 2.125176 4.950498) (xy 2.160975 4.931072) (xy 2.203248 4.907602) (xy 2.252599 4.879782)
      (xy 2.309635 4.847308) (xy 2.37496 4.809873) (xy 2.449181 4.767171) (xy 2.532903 4.718898)
      (xy 2.626732 4.664748) (xy 2.676525 4.636009) (xy 2.759083 4.588291) (xy 2.838733 4.542115)
      (xy 2.914762 4.497904) (xy 2.986459 4.456075) (xy 3.053109 4.417051) (xy 3.114003 4.38125)
      (xy 3.168428 4.349092) (xy 3.215671 4.320998) (xy 3.255021 4.297388) (xy 3.285765 4.278682)
      (xy 3.307191 4.2653) (xy 3.318588 4.257661) (xy 3.320144 4.256349) (xy 3.330813 4.239929)
      (xy 3.332521 4.22145) (xy 3.331984 4.216841) (xy 3.328218 4.206178) (xy 3.318477 4.185727)
      (xy 3.302694 4.155365) (xy 3.280799 4.114971) (xy 3.252724 4.06442) (xy 3.2184 4.003591)
      (xy 3.177759 3.932361) (xy 3.130732 3.850606) (xy 3.077251 3.758205) (xy 3.031216 3.679016)
      (xy 3.015955 3.652807) (xy 3.10024 3.580946) (xy 3.133543 3.551572) (xy 3.173818 3.514449)
      (xy 3.219452 3.471192) (xy 3.268834 3.423412) (xy 3.320351 3.372721) (xy 3.37239 3.320732)
      (xy 3.423339 3.269057) (xy 3.471586 3.219309) (xy 3.515519 3.1731) (xy 3.553524 3.132041)
      (xy 3.583991 3.097746) (xy 3.587295 3.093891) (xy 3.659156 3.009606) (xy 3.685365 3.024861)
      (xy 3.783866 3.082085) (xy 3.871733 3.132899) (xy 3.949215 3.177444) (xy 4.016561 3.215857)
      (xy 4.074019 3.248279) (xy 4.121838 3.274847) (xy 4.160265 3.295701) (xy 4.18955 3.310979)
      (xy 4.209941 3.320821) (xy 4.221686 3.325366) (xy 4.22319 3.325677) (xy 4.243008 3.325446)
      (xy 4.259247 3.316688) (xy 4.262633 3.313795) (xy 4.267963 3.306414) (xy 4.279203 3.288735)
      (xy 4.295933 3.261469) (xy 4.317731 3.225328) (xy 4.344178 3.181024) (xy 4.374854 3.129268)
      (xy 4.409338 3.070773) (xy 4.447211 3.006251) (xy 4.488051 2.936412) (xy 4.531439 2.861969)
      (xy 4.576954 2.783633) (xy 4.624176 2.702117) (xy 4.642642 2.670175) (xy 4.699919 2.571057)
      (xy 4.751166 2.482344) (xy 4.796686 2.403432) (xy 4.836782 2.333716) (xy 4.871757 2.272593)
      (xy 4.901913 2.219459) (xy 4.927554 2.17371) (xy 4.948982 2.134743) (xy 4.9665 2.101952)
      (xy 4.980411 2.074734) (xy 4.991017 2.052486) (xy 4.998622 2.034603) (xy 5.003528 2.020481)
      (xy 5.006038 2.009517) (xy 5.006455 2.001106) (xy 5.005081 1.994645) (xy 5.002219 1.989529)
      (xy 4.998173 1.985155) (xy 4.993245 1.980918) (xy 4.989703 1.977945) (xy 4.981168 1.972135)
      (xy 4.962758 1.960689) (xy 4.935617 1.944286) (xy 4.900889 1.923603) (xy 4.859719 1.899318)
      (xy 4.813251 1.872108) (xy 4.76263 1.842653) (xy 4.708999 1.811629) (xy 4.707136 1.810555)
      (xy 4.440228 1.656635) (xy 4.46198 1.598255) (xy 4.487959 1.524643) (xy 4.514912 1.441135)
      (xy 4.542106 1.350422) (xy 4.56881 1.255194) (xy 4.594293 1.158141) (xy 4.617823 1.061952)
      (xy 4.63867 0.969318) (xy 4.655254 0.887413) (xy 4.676617 0.7747) (xy 5.326728 0.7747)
      (xy 5.339889 0.757969) (xy 5.341879 0.755318) (xy 5.343658 0.752246) (xy 5.345238 0.748061)
      (xy 5.346629 0.742073) (xy 5.347845 0.733591) (xy 5.348896 0.721925) (xy 5.349796 0.706383)
      (xy 5.350555 0.686275) (xy 5.351186 0.66091) (xy 5.3517 0.629598) (xy 5.35211 0.591648)
      (xy 5.352427 0.546368) (xy 5.352663 0.493069) (xy 5.352831 0.43106) (xy 5.352941 0.359649)
      (xy 5.353006 0.278146) (xy 5.353038 0.185861) (xy 5.353048 0.082102) (xy 5.35305 -0.006745)
      (xy 5.35305 -0.754728) (xy 5.336318 -0.767889) (xy 5.332272 -0.770841) (xy 5.327562 -0.773316)
      (xy 5.321103 -0.775354) (xy 5.311809 -0.776999) (xy 5.298595 -0.778292) (xy 5.280377 -0.779276)
      (xy 5.256069 -0.779993) (xy 5.224586 -0.780485) (xy 5.184842 -0.780795) (xy 5.135753 -0.780964)
      (xy 5.076233 -0.781034) (xy 5.005198 -0.781049) (xy 4.998102 -0.781049) (xy 4.676617 -0.78105)
      (xy 4.655254 -0.893762) (xy 4.634769 -0.994041) (xy 4.610369 -1.10028) (xy 4.582921 -1.209288)
      (xy 4.553289 -1.317873) (xy 4.522339 -1.422843) (xy 4.490935 -1.521008) (xy 4.465114 -1.595119)
      (xy 4.440366 -1.663063) (xy 4.707205 -1.816944) (xy 4.760944 -1.848028) (xy 4.811736 -1.877588)
      (xy 4.858435 -1.904945) (xy 4.89989 -1.929415) (xy 4.934954 -1.950319) (xy 4.962478 -1.966975)
      (xy 4.981313 -1.978702) (xy 4.990312 -1.984819) (xy 4.990418 -1.984909) (xy 4.99556 -1.989258)
      (xy 4.999998 -1.993431) (xy 5.00343 -1.998033) (xy 5.005552 -2.003666) (xy 5.006059 -2.010934)
      (xy 5.004649 -2.020441) (xy 5.001017 -2.03279) (xy 4.994859 -2.048584) (xy 4.985873 -2.068427)
      (xy 4.973754 -2.092922) (xy 4.958198 -2.122673) (xy 4.938902 -2.158283) (xy 4.915561 -2.200356)
      (xy 4.887873 -2.249494) (xy 4.855533 -2.306302) (xy 4.818237 -2.371383) (xy 4.775683 -2.445341)
      (xy 4.727565 -2.528778) (xy 4.673581 -2.622298) (xy 4.642276 -2.676525) (xy 4.594549 -2.759081)
      (xy 4.548367 -2.838728) (xy 4.50415 -2.914755) (xy 4.462318 -2.986449) (xy 4.423291 -3.053098)
      (xy 4.387489 -3.113991) (xy 4.355332 -3.168415) (xy 4.327241 -3.215659) (xy 4.303634 -3.255009)
      (xy 4.284933 -3.285755) (xy 4.271556 -3.307185) (xy 4.263925 -3.318586) (xy 4.262615 -3.320144)
      (xy 4.246233 -3.330822) (xy 4.227729 -3.332544) (xy 4.22319 -3.332021) (xy 4.211969 -3.327979)
      (xy 4.19044 -3.317658) (xy 4.159156 -3.30136) (xy 4.118671 -3.279387) (xy 4.06954 -3.252041)
      (xy 4.012316 -3.219623) (xy 3.947554 -3.182436) (xy 3.93065 -3.172661) (xy 3.660775 -3.016393)
      (xy 3.641725 -3.037443) (xy 3.631609 -3.048742) (xy 3.61476 -3.067696) (xy 3.59284 -3.092431)
      (xy 3.567509 -3.121072) (xy 3.540429 -3.151744) (xy 3.538415 -3.154027) (xy 3.498784 -3.197731)
      (xy 3.451702 -3.247622) (xy 3.399239 -3.301654) (xy 3.343467 -3.357778) (xy 3.286456 -3.413948)
      (xy 3.230278 -3.468117) (xy 3.177002 -3.518235) (xy 3.128699 -3.562257) (xy 3.100342 -3.587157)
      (xy 3.016209 -3.659589) (xy 3.031343 -3.685582) (xy 3.089795 -3.786185) (xy 3.141744 -3.876053)
      (xy 3.187265 -3.955316) (xy 3.226431 -4.024104) (xy 3.259312 -4.082548) (xy 3.285984 -4.130777)
      (xy 3.306519 -4.168923) (xy 3.320989 -4.197115) (xy 3.329467 -4.215484) (xy 3.331984 -4.22319)
      (xy 3.331805 -4.242962) (xy 3.323131 -4.259157) (xy 3.320144 -4.262663) (xy 3.312763 -4.267997)
      (xy 3.295083 -4.27924) (xy 3.267816 -4.295972) (xy 3.231673 -4.317771) (xy 3.187368 -4.344219)
      (xy 3.135611 -4.374895) (xy 3.077114 -4.409378) (xy 3.012589 -4.447249) (xy 2.942748 -4.488087)
      (xy 2.868303 -4.531471) (xy 2.789965 -4.576983) (xy 2.708446 -4.6242) (xy 2.676525 -4.642652)
      (xy 2.577552 -4.699836) (xy 2.488983 -4.750992) (xy 2.41021 -4.796425) (xy 2.340628 -4.836439)
      (xy 2.279631 -4.871339) (xy 2.226612 -4.90143) (xy 2.180965 -4.927015) (xy 2.142085 -4.9484)
      (xy 2.109365 -4.965889) (xy 2.0822 -4.979787) (xy 2.059983 -4.990398) (xy 2.042108 -4.998026)
      (xy 2.02797 -5.002977) (xy 2.016961 -5.005555) (xy 2.008477 -5.006064) (xy 2.001911 -5.004809)
      (xy 1.996658 -5.002095) (xy 1.99211 -4.998225) (xy 1.987662 -4.993505) (xy 1.984711 -4.990309)
      (xy 1.978754 -4.981888) (xy 1.967183 -4.963577) (xy 1.950678 -4.936518) (xy 1.929917 -4.901854)
      (xy 1.90558 -4.860726) (xy 1.878346 -4.814275) (xy 1.848894 -4.763644) (xy 1.817904 -4.709974)
      (xy 1.816671 -4.707829) (xy 1.662876 -4.440434) (xy 1.595025 -4.465087) (xy 1.496955 -4.498899)
